time=[1999
2000
2001
2002
2003
2004
2005
2006
2007
2008
2009
2010
2011
2012
2013
2014
2015
2016
2017
2018
]

 DATA=[-98835.04
-126477.3
-107733.5
-61318.95
-63251.61
-53960.3
-103826.2
-192745.5
-242616.3
-420322.7
-104221.8
-70352.5
-32886.9
100121.4
182164.5
163564.5
153976.3
219055.2
222643.9
261787
]

DATA =

   1.0e+05 *

   -0.9884
   -1.2648
   -1.0773
   -0.6132
   -0.6325
   -0.5396
   -1.0383
   -1.9275
   -2.4262
   -4.2032
   -1.0422
   -0.7035
   -0.3289
    1.0012
    1.8216
    1.6356
    1.5398
    2.1906
    2.2264
    2.6179

>> 
>> plot(time,DATA)
>> xlabel('Time')
>> ylabel('Value')
>> title('Balance of Payment')
>> hist(DATA)
